26709
9234
7655
14112
26594
1901
12280
6291
15931
7869
12203
16859
16394
21052
5434
23612
21176
19551
27187
4195
10736
1313
18478
27358
27291
19969
17461
16931
10930
18265
2346
13991
27499
14353
103
26094
16254
16735
8737
8538
24604
20940
1749
17350
18345
7183
12963
11521
3086
12150
20068
13823
17816
10546
13181
21459
6868
6994
14742
22150
25260
17088
12494
24759
7793
16949
27205
24048
5685
12295
8938
6641
9587
10687
23992
27932
22223
8955
15805
25309
25457
7874
11132
19625
22772
666
13085
1640
7660
27827
23791
9272
21268
8285
10384
1061
25234
9589
1461
7271
26236
10399
13913
7824
25439
9905
7756
19662
23212
23562
16971
20669
7788
4456
12295
2560
9474
1732
8553
21486
1559
8696
2759
27179
21333
13143
4593
18567
27084
6054
2191
25321
20806
16104
5145
18245
2361
17253
9907
25573
12815
3230
22594
24955
12038
6889
27516
25864
8621
12421
19351
14533
21117
22110
18064
14450
11605
22657
9369
15041
5064
11560
12362
25870
4016
21859
20467
6377
11113
6726
8302
280
9956
2897
25236
26347
14138
1104
24211
27112
13525
19914
13645
10994
18376
3709
25444
1981
2719
6813
17023
7783
22726
5737
5653
3094
3949
26120
13824
19414
4846
22126
19694
19154
25023
21282
21853
15514
26738
22417
14626
16615
14331
271
27609
4708
8332
25053
11041
11051
8219
4416
23186
7297
10154
839
10391
18455
3311
24215
9869
12509
22694
1563
8016
19717
27198
6221
11583
25936
638
26209
14552
14970
2832
14161
24030
11165
15567
7071
26568
138
11488
21755
7435
25994
26946
22178
16449
6610
18394
26318
23471
13088
4233
7839
9157
3431
14061
20741
5720
19051
23302
20272
10373
26135
10785
6403
13652
2704
17827
16572
2842
1315
14679
14629
3661
17978
8808
20110
940
3554
22780
24411
16642
27013
8603
2151
6797
27016
27244
12517
18067
22547
9141
441
25034
24278
11196
10686
26983
5375
27258
1825
6690
18290
16455
14703
8268
1615
6813
9208
5169
5945
9971
21811
9311
18574
314
16108
17590
27559
4977
7658
26458
18470
12451
23492
14748
27999
10530
13731
5375
14140
19909
16417
4430
12716
3121
17050
14331
14286
26258
19500
20232
8230
17663
1543
3156
17977
22003
20747
21888
3332
4757
24698
21802
21560
20190
12902
21559
7072
2986
3286
21213
22895
19704
1995
11963
27177
19046
26294
13463
21656
22146
10047
6238
11809
15942
9395
6138
9945
2142
27
13277
6899
24725
11431
459
21268
24334
26370
4692
27320
1657
2257
26567
25713
4253
10530
1242
27651
8824
14705
25659
2970
1105
3898
19131
17047
13293
25269
26993
15435
1648
16622
26686
2726
54
3497
346
740
6219
5038
60
7876
7296
26627
9941
15901
9157
11183
19904
22333
2241
17563
1655
3346
21461
25138
20393
11106
26759
23738
26541
408
16713
1579
7486
16767
5076
7832
17507
11296
17222
21919
23524
24518
24898
9818
16771
10407
21001
13027
4740
27594
2591
10747
7292
404
7885
27686
11511
6644
27776
14404
11404
16489
15984
18890
9608
25412
3074
3467
13060
20297
25386
8585
16815
22284
22755
9939
4691
20108
22966
13783
19703
1909
882
26995
2314
8767
3033
18177
19764
2810
4581
7520
23651
24917
26411
5260
22330
1485
8727
7390
26134
10466
20327
14950
9102
15082
1241
18146
11543
24207
3929
3246
26117
9164
6593
4783
22283
9627
22960
14047
16789
3893
25920
12440
811
24331
22052
27493
2168
2780
11235
303
17598
3563
19605
26700
22997
25198
16846
6540
21405
25128
14138
23874
6292
20732
657
575
6711
27969
18975
23500
3863
16895
12292
4674
17578
6345
4167
24098
13477
15402
753
7427
23317
24710
6127
22667
21908
27326
1207
19666
24454
19698
15540
7098
12430
20550
12025
23493
20519
7352
23345
24382
599
7637
1056
22529
18334
9575
22980
8163
1330
23733
15590
24647
24796
26070
19314
18704
25396
24874
14722
26202
16572
2263
9652
5354
27165
21677
5199
19684
5382
544
20419
5981
12533
25827
4863
2868
7403
27843
15383
8733
23576
2974
9732
24724
5396
1047
19781
2792
2273
6503
5346
23197
8766
14998
551
12283
13027
5750
3968
18409
10646
24387
743
23179
22214
5606
2399
5969
5449
17783
14702
5377
25109
787
2102
2505
1834
21883
9649
4107
386
14995
27304
13505
1993
4207
25788
15020
14309
6108
5430
24955
2495
10525
24486
1062
16131
26886
7031
21580
21021
26086
3309
18130
26873
5411
24987
5059
3646
6636
13518
4033
21631
17174
21890
27976
25733
24030
14996
12042
2139
24778
13349
8986
7303
14187
10048
27786
13073
21432
21366
6094
23870
1028
576
27095
6439
25563
4154
14438
4199
22024
18471
2182
11198
16713
2158
8931
12743
17155
25325
14882
18285
15026
221
1941
1213
10269
1727
18639
8053
27446
24733
8275
474
25310
7370
11265
22873
15876
25703
3425
9900
20526
5607
21098
9239
7766
6381
26335
1273
3706
13217
19558
23084
13438
21499
24298
60
23227
14937
12465
27025
16022
20741
27499
17684
111
10764
16910
20340
8468
20335
2240
994
2294
27691
14586
10060
6072
12921
15685
14131
2490
7244
9215
20281
5095
9865
20341
4674
1154
9158
3699
17177
6251
3198
6861
6363
18315
123
3055
26783
20458
5295
4129
27105
4986
18715
9165
15411
3636
1203
1542
6127
8447
15109
26408
17894
24975
23101
26921
26129
8611
2620
19658
14863
10171
2872
25578
486
2995
633
3621
27806
5928
7750
26911
15267
26466
12428
2678
6454
13631
8572
16933
26430
23681
19693
20677
25008
14794
19598
23138
27758
22218
19148
14621
8741
26372
12199
13579
1368
17184
17200
5526
27464
1303
8789
14731
27769
21217
17409
10575
11201
25981
27509
13983
26015
19202
6660
23023
10349
26258
22513
14459
24829
13662
1080
5570
12034
17631
19150
17754
6815
12702
27632
6279
14005
8421
25363
18126
5991
19124
702
17192
21458
4563
3175
19473
117
9836
14496
14818
12446
9010
1277
9275
27024
2357
19198
15410
24340
14700
9517
3155
27402
9149
13787
13408
17571
15502
7886
23562
6626
8588
17106
84
17503
20281
19557
17621
6469
10406
4439
23268
23768
5717
8895
22792
12426
93
14554
8767
14793
24071
16274
18548
9573
6413